 	Syn_Sim	Syn_real	LR_Sim	LR_real
0.03	0.190296051	0.222672009	0.17537684	0.212070923
0.06	0.189228932	0.221047801	0.174393384	0.210469448
0.08	0.188521012	0.219423594	0.173740965	0.208867974
0.11	0.187464391	0.217799386	0.172767183	0.2072665
0.14	0.186414103	0.216175179	0.171799237	0.205665026
0.17	0.185370175	0.214550972	0.170837153	0.204063551
0.2	0.184332632	0.212926764	0.169880954	0.202462077
0.22	0.183644498	0.211302557	0.16924677	0.200860603
0.25	0.182617657	0.209678349	0.168300433	0.199259129
0.28	0.181597272	0.208054142	0.167360046	0.197657654
0.31	0.180583369	0.206429934	0.166425633	0.19605618
0.33	0.179911047	0.204805727	0.165806021	0.194454706
0.36	0.178908006	0.203181519	0.164881618	0.192853232
0.39	0.177911516	0.201557312	0.163963253	0.191251757
0.42	0.176921605	0.199933104	0.163050951	0.189650283
0.45	0.175938297	0.198308897	0.162144735	0.188048809
0.47	0.175286441	0.19668469	0.161543984	0.186447335
0.5	0.1743142	0.195060482	0.160647966	0.18484586
0.53	0.173348632	0.193436275	0.159758099	0.183244386
0.56	0.172389765	0.191812067	0.158874408	0.181642912
0.59	0.171437625	0.19018786	0.157996915	0.180041438
0.61	0.170806615	0.188563652	0.157415377	0.178439963
0.64	0.169865744	0.186939445	0.15654827	0.176838489
0.67	0.16893167	0.185315237	0.155687427	0.175237015
0.7	0.168004419	0.18369103	0.154832873	0.173635541
0.73	0.167084017	0.182066822	0.15398463	0.171034066
0.75	0.166474234	0.180442615	0.153422654	0.170432592
0.78	0.165565253	0.178818408	0.152584937	0.168831118
0.81	0.164662932	0.1771942	0.151753358	0.167229644
0.84	0.163767205	0.175598674	0.150927856	0.165628169
0.86	0.163173692	0.17391677	0.150380875	0.164036509
0.89	0.162288842	0.172293565	0.149565397	0.162405593
0.92	0.161410449	0.170725717	0.14875587	0.160833561
0.95	0.160538462	0.169209885	0.147952246	0.159316865
0.98	0.159672828	0.167742728	0.147154478	0.157851958
1	0.159099242	0.166320904	0.146625862	0.15643529
1.03	0.158244083	0.164941072	0.145837747	0.155063313
1.06	0.157395139	0.163599891	0.14505536	0.15373248
1.09	0.156552359	0.162294019	0.144278654	0.152439241
1.12	0.155715691	0.161020115	0.143507581	0.151180048
1.14	0.155161283	0.159774837	0.142996638	0.149951353
1.17	0.154334687	0.158554845	0.142234848	0.148749608
1.2	0.153514066	0.157356797	0.141478563	0.147571264
1.23	0.152699367	0.156177352	0.140727737	0.146412773
1.26	0.15189054	0.155013168	0.139982321	0.145270586
1.28	0.151354557	0.153860904	0.13948836	0.144141156
1.31	0.1505554	0.152717218	0.138751856	0.143020933
1.34	0.149761975	0.15157877	0.138020636	0.14190637
1.37	0.148974232	0.150442218	0.137294652	0.140793918
1.39	0.1484522	0.149304221	0.136813548	0.139680029
1.42	0.147673811	0.148162018	0.136096184	0.138561231
1.45	0.146900965	0.147088109	0.135383929	0.137505722
1.48	0.146133611	0.146127612	0.134676736	0.136568295
1.51	0.145371697	0.145270592	0.133974556	0.135738737
1.53	0.144866966	0.14450711	0.133509396	0.135006834
1.56	0.144117415	0.143827232	0.13281861	0.134362374
1.59	0.143377113	0.14322102	0.132136347	0.133795145
1.62	0.142645748	0.142678538	0.131462321	0.133294933
1.65	0.141923009	0.14218985	0.130796245	0.132851525
1.67	0.141445821	0.141745019	0.130356469	0.132454709
1.7	0.140736767	0.141334108	0.129703005	0.132094272
1.73	0.14003551	0.140947182	0.129056726	0.131760001
1.76	0.139341737	0.140574304	0.128417345	0.131441683
1.79	0.138655137	0.140205538	0.127784575	0.131129105
1.81	0.138201236	0.139830946	0.127366259	0.130812054
1.84	0.137525901	0.139440594	0.126743871	0.130480317
1.87	0.13685691	0.139024543	0.126127328	0.130123683
1.9	0.136193951	0.138572858	0.125516346	0.129731937
1.92	0.135755177	0.138075602	0.125111971	0.129294867
1.95	0.13510158	0.137522839	0.124509616	0.128802259
1.98	0.134453186	0.136904633	0.123912056	0.128243902
2.01	0.133809683	0.136211046	0.123319004	0.127609583
2.04	0.13317076	0.135432145	0.122730173	0.126889087
2.06	0.132747203	0.134587244	0.122339822	0.126091613
2.09	0.132115221	0.133703915	0.121757388	0.125255006
2.12	0.13148699	0.132785891	0.12117841	0.124384018
2.15	0.130862197	0.131836907	0.120602601	0.123482215
2.18	0.130240532	0.130860697	0.120029675	0.122553163
2.2	0.129827673	0.129860994	0.119649183	0.121600428
2.23	0.129210528	0.128841533	0.119080423	0.120627575
2.26	0.128595682	0.127806048	0.11851378	0.119638171
2.29	0.127982821	0.126758272	0.117948968	0.118635781
2.32	0.127373169	0.12570194	0.117387113	0.117623971
2.34	0.126969387	0.124640786	0.117014987	0.116606307
2.37	0.12636769	0.123578544	0.116460463	0.115586355
2.4	0.125770761	0.122518948	0.115910333	0.11456768
2.43	0.125178593	0.121465732	0.115364592	0.113553849
2.45	0.124786458	0.12042263	0.1150032	0.112548427
2.48	0.124202217	0.119393376	0.114464764	0.11155498
2.51	0.123622726	0.118381703	0.113930704	0.110577073
2.54	0.123047979	0.117391347	0.113401017	0.109618273
2.57	0.122477971	0.116426041	0.112875698	0.108682146
2.59	0.122100597	0.115489519	0.11252791	0.107772257
2.62	0.121538477	0.114585515	0.112009861	0.106892171
2.65	0.120981085	0.113717764	0.111496168	0.106045456
2.68	0.120428414	0.112889998	0.110986827	0.105235677
2.71	0.11988046	0.112105953	0.110481832	0.104466398
2.73	0.119517776	0.111369362	0.110147582	0.103741188
2.76	0.118977673	0.110678729	0.109649823	0.103060376
2.79	0.118442274	0.110003162	0.109156399	0.102394856
2.82	0.117911573	0.10933721	0.108667306	0.101737184
2.85	0.117385568	0.10868117	0.108182539	0.10108775
2.87	0.117037502	0.108035341	0.107861762	0.100446942
2.9	0.116519309	0.10740002	0.107384195	0.099815149
2.93	0.116005797	0.106775506	0.106910943	0.099192759
2.96	0.115496962	0.106162097	0.106442	0.09858016
2.98	0.115160334	0.10556009	0.106131764	0.097977743
3.01	0.114659281	0.104969784	0.105669994	0.097385894
3.04	0.114162892	0.104391477	0.105212522	0.096805004
3.07	0.113671162	0.103825466	0.104759343	0.096235461
3.1	0.113186209	0.103272051	0.10431241	0.095677652
3.12	0.112867878	0.102731529	0.104019037	0.095131968
3.15	0.112397536	0.102204198	0.103585569	0.094598797
3.18	0.11193541	0.101690356	0.103159674	0.094078527
3.21	0.111481087	0.101190302	0.10274097	0.093571547
3.24	0.111034155	0.100704333	0.102329077	0.093078245
3.26	0.110740101	0.100232747	0.102058077	0.092599012
3.29	0.110304567	0.099775843	0.101656689	0.092134234
3.32	0.109875322	0.099333919	0.101261097	0.091684301
3.35	0.109451951	0.098907272	0.100870918	0.091249602
3.38	0.109034042	0.098496201	0.100485773	0.090830525
3.4	0.108758266	0.098101003	0.100231618	0.090427458
3.43	0.108348542	0.097721978	0.099854016	0.090040791
3.46	0.107943177	0.097359422	0.099480432	0.089670913
3.49	0.107541759	0.097015292	0.099110485	0.089318217
3.51	0.107276136	0.09671413	0.098865687	0.088998477
3.54	0.106880377	0.096461295	0.098500956	0.088723898
3.57	0.106487463	0.096253249	0.098138846	0.088491287
3.6	0.106096981	0.096086456	0.097778978	0.08829745
3.63	0.105708517	0.095957376	0.097420969	0.088139192
3.65	0.105450457	0.095862472	0.097183142	0.088013319
3.68	0.105064439	0.095798206	0.096827387	0.087916637
3.71	0.104679336	0.09576104	0.096472476	0.087845953
3.74	0.104294736	0.095747437	0.096118029	0.087798071
3.77	0.103910227	0.095753859	0.095763665	0.087769798
3.79	0.103653733	0.095776767	0.09552728	0.08775794
3.82	0.103268454	0.095812624	0.095172208	0.087759303
3.85	0.102882164	0.095857892	0.094816202	0.087770692
3.88	0.102494926	0.095909034	0.094459324	0.087788913
3.91	0.102114085	0.09596251	0.094108341	0.087810772
3.93	0.101865009	0.096014785	0.093878792	0.087833076
3.96	0.101498231	0.096062319	0.09354077	0.08785263
3.99	0.101139186	0.096101575	0.093209874	0.087866239
4.02	0.100787345	0.096129015	0.092885617	0.087870711
4.04	0.100556526	0.096141102	0.092672894	0.08786285
4.07	0.100215516	0.096134296	0.09235862	0.087839463
4.1	0.099880301	0.096105062	0.092049685	0.087797355
4.13	0.099550351	0.09604986	0.091745603	0.087733333
4.16	0.099225136	0.095965153	0.091445886	0.087644202
4.18	0.099010697	0.095847403	0.091248259	0.087526768
4.21	0.098692202	0.095693072	0.090954733	0.087377837
4.24	0.098377032	0.095498622	0.090664273	0.087194215
4.27	0.09806466	0.095266721	0.090376391	0.086974185
4.3	0.097754556	0.095033188	0.090090599	0.086747935
4.32	0.097548819	0.094804031	0.089900992	0.086528122
4.35	0.097241321	0.094578871	0.089617602	0.086314252
4.38	0.096934681	0.094357326	0.089335002	0.08610583
4.41	0.096628371	0.094139017	0.089052706	0.085902359
4.44	0.096321861	0.093923562	0.088770227	0.085703346
4.46	0.096117149	0.093710581	0.088581564	0.085508295
4.49	0.095809131	0.093499694	0.088297695	0.085316711
4.52	0.095499504	0.093290519	0.088012343	0.085128099
4.55	0.095187739	0.093082677	0.08772502	0.084941964
4.57	0.094978446	0.092875786	0.087532136	0.084757811
4.6	0.094661941	0.092669466	0.087240445	0.084575144
4.63	0.094341888	0.092463337	0.086945484	0.084393469
4.66	0.094017757	0.092257018	0.086646765	0.08421229
4.69	0.093692796	0.092050128	0.086347281	0.084031113
4.71	0.093478044	0.091842286	0.086149365	0.083849442
4.74	0.093158618	0.091633113	0.085854983	0.083666782
4.77	0.092842271	0.091422228	0.085563437	0.083482638
4.8	0.092528817	0.091209249	0.085274557	0.083296516
4.83	0.092218068	0.090993797	0.084988171	0.083107919
4.85	0.092012313	0.09077549	0.084798547	0.082916353
4.88	0.091705659	0.090553949	0.084515935	0.082721323
4.91	0.091401214	0.090328792	0.084235359	0.082522334
4.94	0.091098791	0.090099639	0.083956646	0.08231889
4.97	0.090798205	0.08986611	0.083679625	0.082110497
4.99	0.090598741	0.089627824	0.0834958	0.081896659
5.02	0.090300801	0.089384399	0.083221218	0.081676881
5.05	0.090004199	0.089135457	0.08294787	0.081450669
5.08	0.08970875	0.088880616	0.082675584	0.081217527
5.1	0.089512332	0.088619495	0.082494566	0.080976959
5.13	0.08921839	0.088351714	0.082223669	0.080728472
5.16	0.088925104	0.088075822	0.081953376	0.080471728
5.19	0.088632287	0.087790836	0.081683516	0.080207325
5.22	0.088339754	0.087497267	0.081413917	0.079935733
5.24	0.088144796	0.087195625	0.081234244	0.079657361
5.27	0.08785232	0.086886422	0.080964698	0.07937262
5.3	0.08755963	0.08657017	0.080694955	0.079081918
5.33	0.087266539	0.08624738	0.080424843	0.078785667
5.36	0.086972862	0.085918564	0.08015419	0.078484275
5.38	0.086776659	0.085584233	0.079973369	0.078178152
5.41	0.08648159	0.085244898	0.079701434	0.077867708
5.44	0.086185438	0.084901071	0.079428499	0.077553353
5.47	0.085888015	0.084553264	0.079154395	0.077235496
5.5	0.085588805	0.084201988	0.078878643	0.076914547
5.52	0.085387633	0.083847755	0.078693243	0.076590915
5.55	0.085083437	0.083491075	0.078412895	0.076265012
5.58	0.084776618	0.083132461	0.078130132	0.075937245
5.61	0.084467522	0.082772424	0.077845269	0.075608025
5.63	0.084260363	0.082411475	0.07765435	0.075277762
5.66	0.083948234	0.082050126	0.077366693	0.074946865
5.69	0.083634745	0.081688888	0.077077781	0.074615744
5.72	0.083320238	0.081328273	0.076787931	0.074284809
5.75	0.083005058	0.080968792	0.076497461	0.073954469
5.77	0.082794733	0.080610958	0.076303626	0.073625134
5.8	0.082479194	0.08025528	0.076012825	0.073297214
5.83	0.082163898	0.079902271	0.075722248	0.072971119
5.86	0.081849188	0.079552442	0.075432212	0.072647258
5.89	0.081535409	0.079206305	0.075143033	0.072326041
5.91	0.08132691	0.078864371	0.074950881	0.072007878
5.94	0.081015446	0.078527152	0.074663835	0.071693178
5.97	0.08070583	0.078195159	0.074378493	0.071382351
6	0.080398404	0.077868903	0.074095169	0.071075807
6.03	0.080093513	0.077548896	0.073814181	0.070773955
6.05	0.07989183	0.077230619	0.073628311	0.070475103
6.08	0.079591928	0.076905552	0.07335192	0.070169596
6.11	0.079295476	0.076574024	0.073078711	0.069856646
6.14	0.07900282	0.076236545	0.072808999	0.069536801
6.16	0.078809995	0.075893623	0.072631291	0.069210607
6.19	0.078524428	0.075545768	0.072368113	0.068878611
6.22	0.078243573	0.075193489	0.072109277	0.06854136
6.25	0.077967773	0.074837296	0.0718551	0.068199399
6.28	0.077697373	0.074477697	0.071605899	0.067853276
6.3	0.077520181	0.074115203	0.071442599	0.067503538
6.33	0.077257428	0.073750322	0.071200446	0.06715073
6.36	0.076997856	0.073383563	0.070961224	0.0667954
6.39	0.076741338	0.073015436	0.070724817	0.066438095
6.42	0.076487751	0.07264645	0.070491111	0.066079361
6.44	0.076320259	0.072277115	0.070336751	0.065719744
6.47	0.076071277	0.071907939	0.070107289	0.065359791
6.5	0.075824892	0.071539432	0.069880221	0.065000049
6.53	0.075580978	0.071172104	0.06965543	0.064641065
6.56	0.075339411	0.070806463	0.069432801	0.064283385
6.58	0.075179607	0.070443018	0.069285526	0.063927556
6.61	0.074941672	0.07008228	0.069066245	0.063574124
6.64	0.074705749	0.069724757	0.068848818	0.063223637
6.67	0.074471713	0.069370958	0.068633131	0.06287664
6.69	0.074316676	0.069021393	0.068490249	0.062533681
6.72	0.074085508	0.068676572	0.068277204	0.062195306
6.75	0.073855894	0.068337003	0.068065592	0.061862061
6.78	0.073627708	0.068003195	0.067855296	0.061534494
6.81	0.073400825	0.067675659	0.067646201	0.061213151
6.83	0.073250233	0.067354902	0.067507414	0.060898578
6.86	0.073025244	0.067041435	0.067300065	0.060591323
6.89	0.072801226	0.066735767	0.06709361	0.060291932
6.92	0.072578052	0.066438407	0.066887933	0.060000952
6.95	0.072355597	0.066149865	0.066682918	0.059718928
6.97	0.072207632	0.065870648	0.066546554	0.059446409
7	0.071986098	0.065601268	0.066342388	0.05918394
7.03	0.07176495	0.065340637	0.066138578	0.058931109
7.06	0.071544063	0.065086421	0.065935009	0.058684937
7.09	0.071323311	0.064838322	0.065731564	0.058444908
7.11	0.071176157	0.064596063	0.065595946	0.058210732
7.14	0.070955931	0.064359366	0.065392986	0.057982123
7.17	0.070738496	0.064127954	0.065192598	0.057758793
7.2	0.070523984	0.063901551	0.064994904	0.057540452
7.22	0.070382533	0.063679879	0.064864542	0.057326814
7.25	0.070172591	0.063462662	0.06467106	0.05711759
7.28	0.069965212	0.063249622	0.064479939	0.056912491
7.31	0.069760259	0.063040482	0.064291054	0.056711231
7.34	0.069557596	0.062834965	0.064104281	0.056513521
7.36	0.069423694	0.062632794	0.063980877	0.056319073
7.39	0.069224549	0.062433692	0.063797345	0.056127599
7.42	0.069027335	0.062237381	0.063615592	0.055938811
7.45	0.068831914	0.062043586	0.063435492	0.055752421
7.48	0.068638153	0.061852028	0.063256922	0.05556814
7.5	0.068509834	0.061662431	0.063138663	0.055385682
7.53	0.068318537	0.061474517	0.062962364	0.055204757
7.56	0.068128539	0.06128801	0.062787262	0.055025078
7.59	0.067939703	0.061102632	0.06261323	0.054846357
7.62	0.067751895	0.060918107	0.062440146	0.054668305
7.64	0.067627193	0.060734157	0.062325221	0.054490635
7.67	0.067440796	0.060550505	0.062153438	0.054313059
7.7	0.067255065	0.060366874	0.061982268	0.054135288
7.73	0.067069865	0.060182987	0.061811588	0.053957035
7.75	0.066946627	0.059998567	0.061698011	0.053778011
7.78	0.066762011	0.059813337	0.061527869	0.053597929
7.81	0.066577565	0.05962702	0.061357884	0.0534165
7.84	0.066393153	0.059439339	0.06118793	0.053233437
7.87	0.066208641	0.059250016	0.061017883	0.053048451
7.89	0.06608551	0.059058775	0.060904406	0.052861254
7.92	0.065900528	0.058865338	0.060733927	0.052671559
7.95	0.065715085	0.058669429	0.060563022	0.052479077
7.98	0.065529135	0.058472487	0.060391651	0.05228425
8.01	0.065344513	0.058276277	0.060221503	0.052088935
8.03	0.065222555	0.058080816	0.060109106	0.051893326
8.06	0.065041226	0.057886122	0.059941994	0.051697516
8.09	0.064861734	0.057692212	0.059776574	0.051501597
8.12	0.064683974	0.057499104	0.05961275	0.051305663
8.15	0.06450784	0.057306816	0.059450426	0.051109805
8.17	0.064391271	0.057115364	0.059342995	0.050914116
8.2	0.064217617	0.056924767	0.059182956	0.050718689
8.23	0.064045311	0.056735042	0.059024158	0.050523616
8.26	0.063874248	0.056546206	0.058866507	0.050328991
8.28	0.063760845	0.056358278	0.058761995	0.050134906
8.31	0.063591622	0.056171274	0.058606039	0.049941453
8.34	0.063423362	0.055985211	0.05845097	0.049748726
8.37	0.063255962	0.055800108	0.058296694	0.049556816
8.4	0.063089316	0.055615983	0.058143113	0.049365817
8.42	0.062978586	0.055432851	0.058041065	0.049175821
8.45	0.062812965	0.055250732	0.057888428	0.04898692
8.48	0.062647819	0.055069642	0.05773623	0.048799208
8.51	0.062483043	0.054889599	0.057584373	0.048612777
8.54	0.062318534	0.05471062	0.057432761	0.04842772
8.56	0.062208956	0.054532724	0.057331774	0.048244129
8.59	0.062044657	0.054355927	0.057180356	0.048062097
8.62	0.061880344	0.054180247	0.057028925	0.047881717
8.65	0.061715913	0.054005701	0.056877385	0.047703081
8.68	0.061551259	0.053832308	0.05672564	0.047526281
8.7	0.061441314	0.053660084	0.056624315	0.047351412
8.73	0.061276056	0.053489047	0.056472013	0.047178564
8.76	0.061110295	0.053319215	0.056319248	0.047007831
8.79	0.060943927	0.053150604	0.056165924	0.046839306
8.81	0.060832627	0.052983233	0.056063349	0.046673081
8.84	0.06066541	0.052817119	0.055909242	0.046509249
8.87	0.060499462	0.05265228	0.055756305	0.046347902
8.9	0.060334908	0.052488733	0.055604651	0.046189133
8.93	0.060171659	0.052326495	0.055454201	0.046033035
8.95	0.06006351	0.052166273	0.055354531	0.0458797
8.98	0.059902248	0.052010998	0.055205912	0.045730246
9.01	0.059742062	0.051860777	0.055058285	0.045586092
9.04	0.059582867	0.051715357	0.05491157	0.045446997
9.07	0.059424576	0.051574485	0.054765689	0.045312708
9.09	0.059319509	0.051437904	0.054668859	0.045182968
9.12	0.059162534	0.051305362	0.054524191	0.045057521
9.15	0.059006234	0.051176604	0.054380145	0.044936114
9.18	0.058850522	0.051051375	0.054236641	0.044818489
9.21	0.058695313	0.050929422	0.0540936	0.044704391
9.23	0.058592077	0.050810491	0.053998458	0.044593566
9.26	0.058437513	0.050694326	0.053856012	0.044485758
9.29	0.058283222	0.050580674	0.053713818	0.04438071
9.32	0.058129118	0.050469281	0.053571795	0.044278169
9.34	0.058026443	0.050359892	0.05347717	0.044177878
9.37	0.057872458	0.050252253	0.053335258	0.044079582
9.4	0.05771843	0.05014611	0.053193305	0.043983025
9.43	0.057564273	0.050041209	0.053051234	0.043887952
9.46	0.0574099	0.049937295	0.052908964	0.043794109
9.48	0.057306823	0.049834114	0.052813968	0.043701238
9.51	0.057151899	0.049731412	0.05267119	0.043609085
9.54	0.056996531	0.049628935	0.052528003	0.043517394
9.57	0.056840631	0.049526428	0.052384325	0.043425911
9.6	0.056684113	0.049423637	0.052240079	0.043334379
9.62	0.056579383	0.049320309	0.052143559	0.043242542
9.65	0.056421644	0.049216188	0.051998188	0.043150147
9.68	0.056263059	0.04911102	0.051852035	0.043056936
9.71	0.056104199	0.049004552	0.05170563	0.042962656
9.74	0.055945956	0.048896529	0.051559793	0.042867049
9.76	0.055840788	0.048786696	0.05146287	0.042769862
9.79	0.0556835	0.0486748	0.051317914	0.042670838
9.82	0.055526734	0.048560586	0.051173438	0.042569722
9.85	0.055370452	0.048443801	0.051029408	0.042466258
9.87	0.055266514	0.048324189	0.050933619	0.042360192
9.9	0.055110953	0.048201496	0.050790254	0.042251267
9.93	0.054955774	0.048075469	0.050647241	0.042139229
9.96	0.054800938	0.047946017	0.050504545	0.04202384
9.99	0.054646408	0.047814375	0.050362129	0.041907186
10.01	0.054543538	0.047680946	0.050267325	0.041790818
10.04	0.054389432	0.047545852	0.0501253	0.04167474
10.07	0.054235528	0.047409213	0.049983463	0.041558953
10.1	0.05408179	0.047271149	0.049841778	0.041443462
10.13	0.053928178	0.04713178	0.049700209	0.041328267
10.15	0.053825822	0.046991228	0.049605877	0.041213372
10.18	0.053672336	0.046849611	0.049464425	0.041098779
10.21	0.053518875	0.04670705	0.049322995	0.040984491
10.24	0.053365401	0.046563666	0.049181553	0.040870511
10.27	0.053211874	0.046419578	0.049040063	0.04075684
10.29	0.053109475	0.046274908	0.048945692	0.040643483
10.32	0.052955777	0.046129775	0.048804044	0.04053044
10.35	0.052801925	0.0459843	0.048662254	0.040417715
10.38	0.052647881	0.045838603	0.048520287	0.04030531
10.4	0.052545059	0.045692804	0.048425527	0.040193229
10.43	0.05239061	0.045547024	0.048283186	0.040081472
10.46	0.052235866	0.045401383	0.048140574	0.039970044
10.49	0.05208079	0.045256	0.047997656	0.039858947
10.52	0.051925343	0.045110997	0.047854396	0.039748183
10.54	0.051821486	0.044966494	0.047758682	0.039637754
10.57	0.051665003	0.044822611	0.047614467	0.039527664
10.6	0.051506239	0.044679468	0.04746815	0.039417915
10.63	0.051345194	0.044537186	0.047319731	0.03930851
10.66	0.051182079	0.044395885	0.047169404	0.039199451
10.68	0.051072292	0.044255684	0.047068224	0.03909074
10.71	0.050906201	0.044116706	0.046915155	0.038982381
10.74	0.050738606	0.043979068	0.046760699	0.038874376
10.77	0.05056972	0.043842893	0.046605054	0.038766727
10.8	0.050399754	0.043708301	0.046448414	0.038659437
10.82	0.050285949	0.04357541	0.046343531	0.038552509
10.85	0.050114656	0.043444343	0.046185667	0.038445945
10.88	0.049942849	0.043315219	0.046027329	0.038339748
10.91	0.049770739	0.043188158	0.045868713	0.038233921
10.93	0.049655937	0.043063281	0.045762911	0.038128465
10.96	0.049483796	0.042940708	0.045604266	0.038023384
10.99	0.049311918	0.04282056	0.045445863	0.03791868
11.02	0.049140516	0.042702956	0.045287899	0.037814356
11.05	0.048969801	0.042587913	0.045130568	0.037710414
11.07	0.048856478	0.042473545	0.04502613	0.037606532
11.1	0.04868738	0.042359147	0.04487029	0.037502332
11.13	0.048519536	0.042244774	0.044715604	0.037397859
11.16	0.048353156	0.042130482	0.044562269	0.037293163
11.19	0.048188453	0.042016325	0.044410479	0.037188289
11.21	0.048079688	0.041902358	0.044310241	0.037083286
11.24	0.047918252	0.041788637	0.044161461	0.036978202
11.27	0.047759058	0.041675215	0.044014748	0.036873082
11.3	0.047602319	0.041562149	0.043870297	0.036767977
11.33	0.047448246	0.041449493	0.043728304	0.036662931
11.35	0.047347117	0.041337301	0.043635103	0.036557994
11.38	0.04719796	0.041225629	0.04349764	0.036453213
11.41	0.047052035	0.041114532	0.043363155	0.036348635
11.44	0.046908964	0.041004065	0.043231301	0.036244308
11.46	0.046813693	0.040894282	0.043143499	0.036140279
11.49	0.04667063	0.040785239	0.043011653	0.036036595
11.52	0.046527457	0.04067699	0.042879704	0.035933305
11.55	0.046384258	0.040569591	0.042747732	0.035830456
11.58	0.046241118	0.040463095	0.042615814	0.035728095
11.6	0.046145767	0.040357559	0.042527939	0.035626269
11.63	0.046002916	0.040253037	0.042396287	0.035525027
11.66	0.045860352	0.040149585	0.0422649	0.035424416
11.69	0.04571816	0.040047256	0.042133856	0.035324483
11.72	0.045576425	0.039946106	0.042003233	0.035225276
11.74	0.045482231	0.03984619	0.041916424	0.035126842
11.77	0.045341448	0.039747562	0.041786679	0.035029229
11.8	0.045201349	0.039650279	0.041657564	0.034932484
11.83	0.045062021	0.039554394	0.041529158	0.034836655
11.86	0.044923547	0.039459962	0.041401541	0.03474179
11.88	0.044831748	0.039367039	0.041316939	0.034647935
11.91	0.044694888	0.039275679	0.041190809	0.034555139
11.94	0.044559111	0.039185938	0.041065677	0.034463449
11.97	0.044424502	0.03909787	0.040941621	0.034372912
11.99	0.044335453	0.03901153	0.040859553	0.034283576
12.02	0.044202978	0.038926973	0.040737465	0.034195488
12.05	0.044071899	0.038844254	0.040616662	0.034108696
12.08	0.043942299	0.038763428	0.040497223	0.034023248
12.11	0.043814265	0.03868455	0.040379226	0.033939191
12.13	0.04372982	0.038607674	0.040301402	0.033856572
12.16	0.043604584	0.038532857	0.040185984	0.033775439
12.19	0.04348114	0.038460104	0.040072219	0.033695839
12.22	0.043359574	0.038388412	0.039960184	0.033616612
12.25	0.043239971	0.038317374	0.039849957	0.03353511
12.27	0.043161369	0.038247012	0.039777517	0.033451394
12.3	0.043045227	0.038177345	0.039670481	0.033365635
12.33	0.042931357	0.038108394	0.039565539	0.033278001
12.36	0.042820178	0.03804018	0.039463076	0.033188665
12.39	0.042711627	0.037972724	0.039363035	0.033097795
12.41	0.042640656	0.037906046	0.039297629	0.033005563
12.44	0.042536202	0.037840166	0.039201363	0.032912139
12.47	0.042434034	0.037775107	0.039107206	0.032817692
12.5	0.042334028	0.037710887	0.03901504	0.032722394
12.52	0.042268493	0.037647529	0.038954643	0.032626413
12.55	0.042171803	0.037585052	0.038865534	0.032529922
12.58	0.042076932	0.037523477	0.038778101	0.032433089
12.61	0.041983754	0.037462824	0.038692228	0.032336085
12.64	0.04189214	0.037403116	0.038607797	0.032239081
12.66	0.041831871	0.037344371	0.038552252	0.032142247
12.69	0.041742581	0.037286611	0.038469963	0.032045752
12.72	0.041654516	0.037229857	0.038388802	0.031949768
12.75	0.041567547	0.037174128	0.038308652	0.031854464
12.78	0.041481548	0.037119446	0.038229395	0.031760011
12.8	0.04142469	0.037065832	0.038176995	0.031666578
12.83	0.041340023	0.037013306	0.038098965	0.031574337
12.86	0.041255984	0.036961888	0.038021515	0.031483458
12.89	0.041172446	0.0369116	0.037944526	0.03139411
12.92	0.041089282	0.036862461	0.037867882	0.031306464
12.94	0.041033984	0.036814493	0.037816919	0.03122069
12.97	0.040951159	0.036767717	0.037740588	0.031136959
13	0.040868367	0.036722152	0.037664287	0.031055441
13.03	0.040785481	0.03667782	0.0375879	0.030976306
13.05	0.040730109	0.036634741	0.037536868	0.030899724
13.08	0.040646782	0.036592936	0.037460074	0.030825866
13.11	0.040563021	0.036552426	0.03738288	0.030754901
13.14	0.040478698	0.036513231	0.037305168	0.030687001
13.17	0.040393685	0.036475371	0.03722682	0.030622335
13.19	0.040336564	0.036438868	0.037174177	0.030561074
13.22	0.040250172	0.036403743	0.037094559	0.030503387
13.25	0.040164603	0.036370015	0.037015698	0.030449446
13.28	0.040080635	0.036337705	0.036938313	0.03039942
13.31	0.03999819	0.036306835	0.036862332	0.030353479
13.33	0.039944036	0.036277424	0.036812423	0.030311795
13.36	0.03986396	0.036249493	0.036738625	0.030274537
13.39	0.039785201	0.036223626	0.036666041	0.030241875
13.42	0.039707683	0.036203165	0.036594601	0.030214876
13.45	0.039631329	0.03618844	0.036524232	0.030194766
13.47	0.039581034	0.036179181	0.03647788	0.030181259
13.5	0.039506446	0.036175121	0.03640914	0.030174051
13.53	0.039432815	0.036175993	0.036341283	0.03017284
13.56	0.039360065	0.036181527	0.036274236	0.030177324
13.58	0.039312015	0.036191456	0.036229953	0.0301872
13.61	0.039240559	0.036205512	0.036164099	0.030202166
13.64	0.039169777	0.036223427	0.036098866	0.03022192
13.67	0.039099591	0.036244933	0.036034183	0.030246159
13.7	0.039029925	0.036269762	0.035969979	0.030274581
13.72	0.038983731	0.036297647	0.035927407	0.030306884
13.75	0.038914759	0.036328319	0.035863842	0.030342765
13.78	0.038846099	0.03636151	0.035800565	0.030381923
13.81	0.038777676	0.036396952	0.035737506	0.030424054
13.84	0.038709411	0.036434378	0.035674593	0.030468856
13.86	0.038663951	0.036473519	0.035632697	0.030516028
13.89	0.038595779	0.036514107	0.035569869	0.030565266
13.92	0.038527559	0.036555875	0.035506998	0.030616269
13.95	0.038459214	0.036598555	0.035444012	0.030668734
13.98	0.038390668	0.036641878	0.035380839	0.030722358
14	0.03834482	0.036685577	0.035338586	0.03077684
14.03	0.038275765	0.036729383	0.035274945	0.030831877
14.06	0.038206302	0.036773029	0.035210928	0.030887167
14.09	0.038136353	0.036816247	0.035146463	0.030942407
14.11	0.038089413	0.036858768	0.035103203	0.030997295
14.14	0.038018728	0.036900326	0.035038059	0.03105153
14.17	0.037948922	0.036940651	0.034973727	0.031104807
14.2	0.037880134	0.036979476	0.034910332	0.031156825
14.23	0.037812304	0.037016533	0.034847819	0.031207283
14.25	0.037767585	0.037051554	0.034806607	0.031255877
14.28	0.037701216	0.037084272	0.034745441	0.031302304
14.31	0.037635644	0.037114417	0.034685009	0.031346264
14.34	0.037570808	0.037141722	0.034625256	0.031387453
14.37	0.037506648	0.03716592	0.034566126	0.031425569
14.39	0.03746422	0.037186741	0.034527025	0.03146031
14.42	0.037401052	0.037203919	0.03446881	0.031491374
14.45	0.0373384	0.037217186	0.03441107	0.031518457
14.48	0.037276203	0.037226272	0.034353748	0.031541258
14.51	0.0372144	0.037230911	0.034296791	0.031559475
14.53	0.037173388	0.037230834	0.034258994	0.031572805
14.56	0.037112108	0.037225809	0.034202519	0.031580946
14.59	0.037051063	0.037220326	0.03414626	0.031584612
14.62	0.036990191	0.037217543	0.03409016	0.031591093
14.64	0.036949677	0.037217283	0.034052822	0.031601679
14.67	0.03688896	0.037219364	0.033996866	0.031616124
14.7	0.036828257	0.037223608	0.033940921	0.031634182
14.73	0.036767505	0.037229835	0.033884933	0.031655606
14.76	0.036706646	0.037237865	0.033828845	0.031680148
14.78	0.036665984	0.037247521	0.033791371	0.031707561
14.81	0.036604811	0.037258621	0.033734994	0.0317376
14.84	0.036543369	0.037270987	0.033678369	0.031770017
14.87	0.036481599	0.037284439	0.033621441	0.031804565
14.9	0.036419439	0.037298798	0.033564155	0.031840998
14.92	0.036377753	0.037313884	0.033525738	0.031879068
14.95	0.036314811	0.037329519	0.03346773	0.031918529
14.98	0.036251319	0.037345522	0.033409215	0.031959133
15.01	0.036187216	0.037361714	0.033350138	0.032000635
15.04	0.036122443	0.037377917	0.033290443	0.032042787
15.06	0.036079051	0.037393949	0.033250453	0.032085342
15.09	0.036014496	0.037409633	0.03319096	0.032128053
15.12	0.035950574	0.037424789	0.033132049	0.032170674
15.15	0.03588724	0.037439236	0.033073681	0.032212958
15.17	0.035845323	0.037452797	0.03303505	0.032254657
15.2	0.035782872	0.037465291	0.032977495	0.032295526
15.23	0.035720894	0.037476539	0.032920376	0.032335317
15.26	0.035659343	0.037486362	0.03286365	0.032373783
15.29	0.035598177	0.03749458	0.03280728	0.032410677
15.31	0.035557591	0.037501015	0.032769876	0.032445753
15.34	0.035496969	0.037505485	0.032714007	0.032478764
15.37	0.035436615	0.037507813	0.032658384	0.032509462
15.4	0.035376485	0.037507818	0.032602968	0.032537602
15.43	0.035316535	0.037505322	0.032547719	0.032562936
15.45	0.035276648	0.037500145	0.032510959	0.032585217
15.48	0.035216903	0.037492107	0.032455898	0.032604198
15.51	0.035157222	0.03748103	0.032400896	0.032619633
15.54	0.035097562	0.037466733	0.032345913	0.032631275
15.57	0.035037878	0.037449037	0.032290909	0.032638877
15.59	0.034998055	0.037427764	0.032254208	0.032642192
15.62	0.034938236	0.037402733	0.032199079	0.032640973
15.65	0.034878278	0.037373765	0.032143821	0.032634973
15.68	0.034818137	0.037340681	0.032088395	0.032623946
15.7	0.034777919	0.037303302	0.032051331	0.032607644
15.73	0.034717376	0.037261447	0.031995534	0.032585821
15.76	0.034656533	0.037214938	0.031939461	0.03255823
15.79	0.034595346	0.037163598	0.031883071	0.032524624
15.82	0.034533773	0.03710744	0.031826325	0.032485362
15.84	0.034492488	0.037046678	0.031788277	0.032441578
15.87	0.034430173	0.036981519	0.031730847	0.032393485
15.9	0.034367354	0.036912169	0.031672954	0.032341272
15.93	0.034303989	0.036838836	0.031614556	0.032285128
15.96	0.034240033	0.036761726	0.031555614	0.03222524
15.98	0.034197046	0.036681046	0.031515997	0.032161797
16.01	0.03413218	0.036597004	0.031456217	0.032094987
16.04	0.034067118	0.036509806	0.031396256	0.032024998
16.07	0.034001874	0.036419658	0.031336127	0.03195202
16.1	0.033936458	0.036326769	0.03127584	0.031876239
16.12	0.033892756	0.036231345	0.031235564	0.031797845
16.15	0.033827072	0.036133592	0.03117503	0.031717026
16.18	0.03376124	0.036033717	0.031114359	0.03163397
16.21	0.033695269	0.035931929	0.03105356	0.031548866
16.23	0.033651215	0.035828432	0.03101296	0.031461901
16.26	0.033585032	0.035723435	0.030951966	0.031373265
16.29	0.033518734	0.035617144	0.030890865	0.031283145
16.32	0.033452329	0.035509766	0.030829667	0.03119173
16.35	0.033385828	0.035401508	0.030768379	0.031099208
16.37	0.033341444	0.035292577	0.030727475	0.031005768
16.4	0.033274801	0.03518318	0.030666057	0.030911598
16.43	0.033208085	0.035073523	0.030604572	0.030816885
16.46	0.033141306	0.034963814	0.030543027	0.03072182
16.49	0.033074471	0.034854259	0.030481433	0.030626589
16.51	0.033029889	0.034745066	0.030440346	0.030531381
16.54	0.032962984	0.034636441	0.030378686	0.030436385
16.57	0.032896048	0.034528591	0.030316998	0.030341789
16.6	0.03282909	0.034421723	0.030255289	0.030247781
16.63	0.03276212	0.034316044	0.03019357	0.03015455
16.65	0.032717471	0.034211761	0.030152421	0.030062283
16.68	0.0326505	0.03410908	0.030090701	0.02997117
16.71	0.032583541	0.034008209	0.030028991	0.029881398
16.74	0.032516602	0.033909355	0.029967301	0.029793156
16.76	0.032471993	0.033812724	0.029926189	0.029706633
16.79	0.032405109	0.033718524	0.029864548	0.029622016
16.82	0.03233827	0.03362696	0.02980295	0.029539493
16.85	0.032271485	0.033538241	0.029741401	0.029459254
16.88	0.032204763	0.033452573	0.02967991	0.029381487
16.9	0.032160321	0.033370124	0.029638952	0.029306379
16.93	0.032093718	0.033286198	0.02957757	0.029232323
16.96	0.032026872	0.033197601	0.029515966	0.029153228
16.99	0.03195963	0.033104565	0.029453995	0.029068812
17.02	0.031892014	0.033007322	0.02939168	0.028979336
17.04	0.031846741	0.032906102	0.029349957	0.028885066
17.07	0.031778557	0.032801137	0.029287118	0.028786266
17.1	0.031710064	0.032692659	0.029223995	0.028683198
17.13	0.031641286	0.032580898	0.029160609	0.028576128
17.16	0.031572247	0.032466086	0.029096983	0.028465318
17.18	0.031526089	0.032348455	0.029054444	0.028351034
17.21	0.03145667	0.032228236	0.028990467	0.028233538
17.24	0.031387055	0.03210566	0.028926309	0.028113094
17.27	0.031317267	0.031980958	0.028861993	0.027989968
17.29	0.031270659	0.031854362	0.028819039	0.027864421
17.32	0.031200638	0.031726103	0.028754508	0.027736719
17.35	0.03113051	0.031596412	0.028689878	0.027607124
17.38	0.031060298	0.031465522	0.028625171	0.027475902
17.41	0.030990027	0.031333662	0.028560409	0.027343316
17.43	0.030943159	0.031201065	0.028517215	0.027209629
17.46	0.030872842	0.031067962	0.028452411	0.027075106
17.49	0.030802531	0.030934584	0.028387612	0.026940011
17.52	0.030732248	0.030801163	0.02832284	0.026804607
17.55	0.030662019	0.03066793	0.028258117	0.026669158
17.57	0.030615241	0.030535115	0.028215006	0.026533929
17.6	0.030545154	0.030402952	0.028150414	0.026399182
17.63	0.030475185	0.03027167	0.028085931	0.026265183
17.66	0.030405358	0.030141502	0.028021578	0.026132194
17.69	0.030335697	0.030012678	0.027957378	0.02600048
17.71	0.03028936	0.02988543	0.027914674	0.025870305
17.74	0.030220029	0.02975999	0.027850779	0.025741932
17.77	0.030150928	0.029636588	0.027787095	0.025615625
17.8	0.030082082	0.029515456	0.027723646	0.025491649
17.82	0.030036337	0.029396825	0.027681488	0.025370267
17.85	0.029967969	0.029280928	0.02761848	0.025251743
17.88	0.029899919	0.029167994	0.027555765	0.025136341
17.91	0.029831988	0.029058255	0.02749316	0.025024324
17.94	0.029763772	0.028951944	0.027430293	0.024915958
17.96	0.029718146	0.02884929	0.027388243	0.024811505
17.99	0.029649503	0.028750526	0.027324982	0.024711229
18.02	0.029580642	0.028655883	0.02726152	0.024615394
18.05	0.029511592	0.028565591	0.027197883	0.024524265
18.08	0.02944238	0.028479883	0.027134098	0.024438105
18.1	0.029396165	0.028398752	0.027091505	0.024357159
18.13	0.029326749	0.028320344	0.027027532	0.024279736
18.16	0.02925725	0.028244153	0.026963481	0.024204566
18.19	0.029187695	0.028170104	0.02689938	0.02413157
18.22	0.029118113	0.028098117	0.026835253	0.024060675
18.24	0.029071725	0.028028117	0.026792502	0.023991803
18.27	0.029002163	0.027960025	0.026728394	0.023924878
18.3	0.028932651	0.027893764	0.026664331	0.023859824
18.33	0.028863218	0.027829255	0.026600341	0.023796566
18.35	0.028793892	0.027766423	0.026536451	0.023735026
18.38	0.028724702	0.027705189	0.026472685	0.02367513
18.41	0.028655677	0.027645475	0.026409072	0.023616801
18.44	0.028586846	0.027587204	0.026345637	0.023559963
18.47	0.028518237	0.027530299	0.026282408	0.02350454
18.49	0.028472636	0.027474683	0.026240381	0.023450456
18.52	0.028404462	0.027420276	0.026177552	0.023397635
18.55	0.028336587	0.027367003	0.026114998	0.023346
18.58	0.028269039	0.027314785	0.026052746	0.023295476
18.61	0.028201848	0.027263545	0.025990823	0.023245987
18.63	0.028157267	0.027213206	0.025949737	0.023197457
18.66	0.028090734	0.027163689	0.02588842	0.023149809
18.69	0.028024634	0.027114918	0.025827503	0.023102967
18.72	0.027958996	0.027066815	0.025767011	0.023056856
18.75	0.027893849	0.027019302	0.025706971	0.023011399
18.77	0.027850704	0.026972301	0.025667209	0.022966521
18.8	0.027786438	0.026925736	0.025607981	0.022922145
18.83	0.02772274	0.026879529	0.025549277	0.022878195
18.86	0.027659574	0.026833602	0.025491063	0.022834595
18.88	0.027617549	0.026787878	0.025452333	0.022791269
18.91	0.02755457	0.026742279	0.025394292	0.022748142
18.94	0.027491667	0.026696727	0.02533632	0.022705136
18.97	0.027428846	0.026651146	0.025278425	0.022662176
19	0.027366114	0.026605457	0.025220611	0.022619186
19.02	0.027324344	0.026559584	0.025182116	0.02257609
19.05	0.027261773	0.026513447	0.02512445	0.022532811
19.08	0.027199307	0.026466971	0.025066881	0.022489275
19.11	0.027136951	0.026420078	0.025009414	0.022445404
19.14	0.027074713	0.026372689	0.024952056	0.022401122
19.16	0.027033289	0.026324728	0.024913879	0.022356354
19.19	0.02697126	0.026276116	0.024856714	0.022311024
19.22	0.026909366	0.026226778	0.024799671	0.022265054
19.25	0.026847611	0.026176633	0.024742758	0.022218371
19.28	0.026786002	0.026125607	0.02468598	0.022170896
19.3	0.026745014	0.02607362	0.024648205	0.022122555
19.33	0.026683663	0.02602121	0.024591664	0.022073275
19.36	0.026622476	0.025970393	0.024535273	0.022024473
19.39	0.026561457	0.025921266	0.024479038	0.021977279
19.41	0.026520874	0.025873756	0.024441638	0.021931623
19.44	0.026460151	0.025827789	0.024385675	0.021887436
19.47	0.026399613	0.025783291	0.024329884	0.021844648
19.5	0.026339268	0.025740187	0.024274269	0.021803188
19.53	0.02627912	0.025698404	0.024218837	0.021762987
19.55	0.026239134	0.025657866	0.024181986	0.021723975
19.58	0.026179331	0.025618501	0.024126871	0.021686082
19.61	0.026119741	0.025580234	0.024071954	0.021649238
19.64	0.026060373	0.025542991	0.02401724	0.021613373
19.67	0.026001232	0.025506698	0.023962735	0.021578417
19.69	0.025961933	0.02547128	0.023926518	0.021544301
19.72	0.025903184	0.025436664	0.023872374	0.021510954
19.75	0.025844678	0.025402775	0.023818456	0.021478306
19.78	0.025786423	0.02536954	0.023764767	0.021446288
19.81	0.025728423	0.025336884	0.023711315	0.02141483
19.83	0.025689902	0.025304734	0.023675814	0.021383861
19.86	0.025632351	0.025273014	0.023622775	0.021353312
19.89	0.025575093	0.025241651	0.023570006	0.021323113
19.92	0.025518121	0.025210571	0.0235175	0.021293194
19.94	0.025480296	0.0251797	0.023482641	0.021263485
19.97	0.025423788	0.025148963	0.023430563	0.021233916
20	0.025367549	0.025118287	0.023378733	0.021204417
