0.010434783
0.010504202
0.012658228
0.012802276
0.012972973
0.014204545
0.015373864
0.015536723
0.015600624
0.016641452
0.017204301
0.017424242
0.017708333
0.017811705
0.018018018
0.018456376
0.018575851
0.018726592
0.019025875
0.019097222
0.019230769
0.019553073
0.01980198
0.01984127
0.019900498
0.020253165
0.020547945
0.020920502
0.020979021
0.021148036
0.021563342
0.021715527
0.022113022
0.022129436
0.022222222
0.022413793
0.022421525
0.022522523
0.022556391
0.022613065
0.022745735
0.02283105
0.022857143
0.022900763
0.023121387
0.023255814
0.023364486
0.023391813
0.023454158
0.023529412
0.023584906
0.024038462
0.024142313
0.024234694
0.024305556
0.024590164
0.024793388
0.024793388
0.024896266
0.02494577
0.025239339
0.02529511
0.025440313
0.025445293
0.025466893
0.025512338
0.025728988
0.025853154
0.025862069
0.025906736
0.025925926
0.026066351
0.026282051
0.026490066
0.026556017
0.026845638
0.026923077
0.026931254
0.026973684
0.027272727
0.027444254
0.027681661
0.027732463
0.027842227
0.028356481
0.028455285
0.028462998
0.028503563
0.028571429
0.028895769
0.028901734
0.029017857
0.029126214
0.029239766
0.029345372
0.029411765
0.02972973
0.029754204
0.029895366
0.029962547
0.030172414
0.030201342
0.030201342
0.0302267
0.03030303
0.030339806
0.03034134
0.030561478
0.030586236
0.030791789
0.030821918
0.031030445
0.031120332
0.031189084
0.03125
0.031318281
0.031432749
0.031437126
0.031446541
0.031690141
0.031818182
0.031830239
0.032128514
0.032128514
0.032138443
0.032163743
0.032163743
0.032235459
0.032258065
0.032400589
0.032697548
0.03271028
0.033057851
0.033333333
0.033407572
0.033540373
0.033632287
0.033898305
0.033921303
0.034168565
0.034199726
0.03422619
0.034246575
0.034324943
0.034328358
0.034328358
0.034416826
0.034446764
0.034482759
0.034632035
0.034653465
0.03465704
0.034682081
0.034682081
0.034782609
0.034798535
0.035010941
0.035254237
0.035294118
0.035320088
0.035483871
0.035541195
0.035555556
0.035555556
0.03565365
0.035661218
0.035794183
0.035947712
0.035955056
0.035978836
0.036199095
0.036363636
0.036384977
0.03649635
0.036729037
0.036781609
0.036783576
0.036931818
0.036931818
0.037037037
0.037056928
0.037109375
0.037252619
0.037362637
0.03742515
0.037861915
0.037865749
0.037926675
0.037946429
0.038016529
0.03807947
0.038116592
0.03814262
0.038247566
0.038374718
0.03853211
0.038869258
0.038888889
0.038990826
0.039017341
0.039106145
0.039187228
0.039215686
0.039274924
0.039274924
0.039387309
0.039473684
0.03960396
0.039761431
0.039855072
0.03986711
0.039911308
0.039923954
0.039948454
0.04
0.040178571
0.040268456
0.04029304
0.040372671
0.040425532
0.040449438
0.04048583
0.040627227
0.040687161
0.040790312
0.041006524
0.04109589
0.041131105
0.041304348
0.041322314
0.041343669
0.041551247
0.041551247
0.041615667
0.041666667
0.041841004
0.041884817
0.042132982
0.042174321
0.042194093
0.042207792
0.042328042
0.042424242
0.04245283
0.042459736
0.042763158
0.042857143
0.042929293
0.042929293
0.0430839
0.0430839
0.043137255
0.043165468
0.043189369
0.043243243
0.043333333
0.043421053
0.043438914
0.043440105
0.043478261
0.043589744
0.043606075
0.043678161
0.043708609
0.04379562
0.044016506
0.044186047
0.044247788
0.044280443
0.044334975
0.044343891
0.044345898
0.044386423
0.044444444
0.044538706
0.044642857
0.044757033
0.044817927
0.044827586
0.044839858
0.044857768
0.044921875
0.04494382
0.04494382
0.04496788
0.045
0.045205479
0.04522293
0.045248869
0.045248869
0.045412844
0.045417011
0.045454545
0.045454545
0.045454545
0.045454545
0.04556962
0.045608928
0.045627376
0.045741325
0.045857988
0.045977011
0.046049661
0.046090535
0.046130952
0.046199702
0.04620462
0.046231792
0.046232085
0.046268657
0.046296296
0.04631829
0.046391753
0.046728972
0.046808511
0.046875
0.046931408
0.047097481
0.047120419
0.047144152
0.0472103
0.047272727
0.047337278
0.047493404
0.047524752
0.047619048
0.047707272
0.04778157
0.047826087
0.047862157
0.047912389
0.047965116
0.048060708
0.048109966
0.048148148
0.048165138
0.048245614
0.048252912
0.048433048
0.048511577
0.048526863
0.048558422
0.048657718
0.048689139
0.048780488
0.048843188
0.048859935
0.048929664
0.048964218
0.048979592
0.049046322
0.049149338
0.049242424
0.049275362
0.049284579
0.049295775
0.049382716
0.049407115
0.049423394
0.049438202
0.049450549
0.049528302
0.049562682
0.049704142
0.04973822
0.049788136
0.049828179
0.049853372
0.049865229
0.05
0.05
0.05
0.05
0.050179211
0.050271739
0.050375134
0.050397878
0.050420168
0.050458716
0.050535988
0.050561798
0.050595238
0.050666667
0.050675676
0.050691244
0.050724638
0.050736498
0.050847458
0.050918197
0.050933786
0.050997783
0.051001821
0.051020408
0.051051051
0.051128818
0.051150895
0.051216389
0.051282051
0.051314143
0.051314143
0.051359517
0.051428571
0.051456311
0.051493961
0.051532942
0.051569507
0.051575931
0.051575931
0.051612903
0.051805338
0.051833123
0.051903114
0.051994302
0.052093023
0.052136752
0.052202284
0.052202284
0.052212829
0.052341598
0.052631579
0.052631579
0.052631579
0.052631579
0.052715655
0.052785924
0.052785924
0.052873563
0.052932761
0.052980132
0.053019146
0.053030303
0.053225806
0.053254438
0.053278689
0.053287495
0.053315106
0.053333333
0.053333333
0.05345502
0.053511706
0.053545586
0.053571429
0.053571429
0.053571429
0.053613054
0.053763441
0.053782506
0.053811659
0.053892216
0.053968254
0.053986711
0.054006969
0.054054054
0.054135338
0.054156171
0.054263566
0.054292003
0.054365733
0.054371785
0.054441261
0.054545455
0.054607509
0.05461165
0.05465587
0.054794521
0.054794521
0.054830287
0.054888508
0.05511811
0.05511811
0.05511811
0.055128205
0.055137845
0.055168041
0.055172414
0.055201699
0.055263158
0.055469954
0.055555556
0.055555556
0.055555556
0.055595668
0.055666004
0.055718475
0.055793991
0.055839926
0.055851064
0.055858311
0.055865922
0.055900621
0.056018168
0.056034483
0.056179775
0.056179775
0.056179775
0.056285178
0.056338028
0.056390977
0.056430446
0.056489262
0.056603774
0.056706652
0.056737589
0.056751468
0.056751468
0.056790123
0.056872038
0.056878307
0.056886228
0.056971514
0.05698324
0.05704698
0.05704698
0.057116105
0.057142857
0.05720339
0.057235421
0.057239057
0.057488654
0.057522124
0.057588076
0.057608696
0.057613169
0.057692308
0.057803468
0.057951482
0.057971014
0.057995029
0.058192956
0.058214748
0.058227848
0.058236273
0.058295964
0.058371736
0.058414465
0.058449809
0.058545798
0.05862069
0.058673469
0.058679707
0.058690745
0.0587562
0.058760684
0.058770344
0.058823529
0.058823529
0.059006211
0.05907173
0.059160305
0.059322034
0.059347181
0.0593963
0.059405941
0.059405941
0.059405941
0.059466019
0.059473237
0.059485531
0.059491979
0.05952381
0.059701493
0.059701493
0.059888579
0.059912854
0.059931507
0.059970015
0.060036166
0.06006006
0.060089021
0.06019802
0.06022409
0.060314685
0.060324826
0.060331825
0.060344828
0.060344828
0.060363636
0.060367454
0.060371517
0.060402685
0.06043956
0.06043956
0.060445387
0.06044905
0.060606061
0.060728745
0.060781476
0.060784314
0.060913706
0.060913706
0.0609358
0.060964513
0.061032864
0.061147695
0.06122449
0.061237785
0.061273052
0.061281337
0.061363636
0.061538462
0.061538462
0.06162465
0.061797753
0.061823802
0.061836809
0.06187291
0.061926606
0.061946903
0.061946903
0.062015504
0.062130178
0.062184874
0.062295082
0.062337662
0.062337662
0.06244796
0.0625
0.0625
0.0625
0.0625
0.062605753
0.062686567
0.062711864
0.062775871
0.062805873
0.06281407
0.06284153
0.062844542
0.062893082
0.062903226
0.062962963
0.062962963
0.063099042
0.063247863
0.063260341
0.063318777
0.063333333
0.063432836
0.063562454
0.063616558
0.063666301
0.063694268
0.06372549
0.063781321
0.063829787
0.063860668
0.063929071
0.064026647
0.064066852
0.064092954
0.064130435
0.06420765
0.0642978
0.064334086
0.06440678
0.06440678
0.064461408
0.06446281
0.064516129
0.064575646
0.064643799
0.064687169
0.064690027
0.064814815
0.064871481
0.064900662
0.064924115
0.064935065
0.064952639
0.064958284
0.065048544
0.065108514
0.065168539
0.065173116
0.065286624
0.065346535
0.065384615
0.065400844
0.065420561
0.065466448
0.065502183
0.06557377
0.065628476
0.0657277
0.065882353
0.065907729
0.065930018
0.065934066
0.066006601
0.066098081
0.066115702
0.066138798
0.066200658
0.066206897
0.066312997
0.066326531
0.066358025
0.066440678
0.066473988
0.066523605
0.066666667
0.066757493
0.066869301
0.066901408
0.067024129
0.067049808
0.067055394
0.067183463
0.0671875
0.067226891
0.067264574
0.067267267
0.067340067
0.067340067
0.067375887
0.067453626
0.067466267
0.0675
0.0675
0.067567568
0.06779661
0.06779661
0.067934783
0.067938021
0.06798373
0.067988669
0.068
0.068010076
0.068010076
0.068062827
0.068062827
0.068124474
0.068181818
0.068212824
0.068215892
0.068235294
0.068281938
0.068281938
0.068292683
0.068319226
0.068333333
0.06833713
0.068359375
0.068376068
0.068421053
0.068421053
0.068458631
0.068493151
0.068531469
0.068539326
0.068571429
0.06858202
0.068720379
0.0687251
0.06877898
0.068807339
0.068815331
0.068831169
0.068877551
0.068914956
0.068918919
0.068965517
0.069077422
0.069124424
0.069164265
0.069171139
0.069256757
0.069264069
0.069333333
0.069392813
0.069459757
0.069518717
0.069518717
0.069536424
0.069565217
0.069607843
0.069632495
0.069637883
0.069721116
0.069796954
0.069892473
0.069948187
0.07
0.070008643
0.070015221
0.070038911
0.070108696
0.070113935
0.070217918
0.07032967
0.070422535
0.070552147
0.070621469
0.07082153
0.070833333
0.070839065
0.070921986
0.070938215
0.070938215
0.070967742
0.071014493
0.071022727
0.071052632
0.07106599
0.071143086
0.071322437
0.071380921
0.071397475
0.071428571
0.07150368
0.07150838
0.071604938
0.071625344
0.071637427
0.071666667
0.071721311
0.071794872
0.071942446
0.072146659
0.07217695
0.072212066
0.07240634
0.0725
0.0725
0.072681704
0.072805139
0.072916667
0.072968491
0.073033708
0.073211314
0.073313783
0.073333333
0.073394495
0.073394495
0.073578595
0.073593074
0.073732719
0.073734285
0.073746313
0.07375
0.073756432
0.073756432
0.073878628
0.073913043
0.074074074
0.074157303
0.074204947
0.074332172
0.074572127
0.074590164
0.074605452
0.074617737
0.074693423
0.074712644
0.074712644
0.074850299
0.074884029
0.075
0.075
0.075075075
0.075104312
0.075144509
0.075153374
0.075156576
0.075227964
0.07527394
0.07540395
0.075438596
0.075438596
0.075471698
0.075471698
0.075514874
0.075528701
0.075581395
0.075630252
0.075709779
0.075809786
0.075829384
0.075862069
0.075862069
0.075987842
0.076069731
0.076086957
0.076124567
0.07612782
0.076190476
0.076238882
0.076388889
0.076429405
0.076487252
0.076492537
0.076502732
0.076595745
0.076612903
0.076655052
0.076791809
0.076887232
0.076923077
0.076923077
0.076923077
0.076923077
0.076923077
0.077010193
0.077116935
0.077165354
0.077229299
0.077241379
0.077267637
0.077299413
0.077363897
0.077436582
0.077441077
0.07755102
0.077586207
0.077669903
0.077669903
0.077697842
0.077879039
0.078085642
0.078172589
0.078212291
0.078231293
0.078236131
0.07826087
0.078364566
0.078488372
0.078488372
0.07852194
0.078608247
0.078624079
0.078651685
0.078703704
0.078740157
0.078804348
0.07890625
0.078909613
0.079037801
0.079086116
0.079096045
0.079171742
0.079781421
0.079802956
0.079812207
0.079934747
0.08
0.08
0.08
0.08
0.080045096
0.080068143
0.080392157
0.080528846
0.080597015
0.080639432
0.080645161
0.080736544
0.080833333
0.080851064
0.080865604
0.080895009
0.080895009
0.081034483
0.081081081
0.081109925
0.081128748
0.081157775
0.081218274
0.081300813
0.081314879
0.081364829
0.081367925
0.081437126
0.081632653
0.081690141
0.081714668
0.081871345
0.081883316
0.081924577
0.082058414
0.082099596
0.082146769
0.082278481
0.082278481
0.082474227
0.082524272
0.082524272
0.082599119
0.082815735
0.082840237
0.082840237
0.082978723
0.083044983
0.083044983
0.083081571
0.083123426
0.083240223
0.083333333
0.083333333
0.083333333
0.083333333
0.083333333
0.083397093
0.083442551
0.083478261
0.083521445
0.083550914
0.083561644
0.08372093
0.083798883
0.084041549
0.084048027
0.084097859
0.08411215
0.084169884
0.084352078
0.084364454
0.084378563
0.084650688
0.084711577
0.084745763
0.084779976
0.084812623
0.084862385
0.084923664
0.084939329
0.084945332
0.084947839
0.08496732
0.085173502
0.085294118
0.085308057
0.085308057
0.085339168
0.085380117
0.085470085
0.08557047
0.085790885
0.08583691
0.085910653
0.08596713
0.085987261
0.086065574
0.086148649
0.086253369
0.08627451
0.086294416
0.086315789
0.086389961
0.086410055
0.086419753
0.086440678
0.086538462
0.086606244
0.086614173
0.086797066
0.086872587
0.086900958
0.086921202
0.086932137
0.086956522
0.087014726
0.087078652
0.087108014
0.087190527
0.087209302
0.087218045
0.087272727
0.087281796
0.087431694
0.087459509
0.0875
0.0875
0.087542088
0.087655223
0.087719298
0.087719298
0.087855297
0.087882823
0.087941976
0.088050314
0.088082902
0.088128186
0.088325653
0.088372093
0.08847185
0.088552916
0.088709677
0.088709677
0.088737201
0.088917526
0.089058524
0.089058524
0.08913649
0.089330025
0.089385475
0.089473684
0.089527027
0.089588378
0.089719626
0.089720737
0.089805825
0.089855072
0.08988764
0.090078329
0.090242113
0.090314671
0.09043659
0.090452261
0.090465632
0.09047619
0.090556274
0.090614887
0.090659341
0.090721649
0.090756303
0.090782123
0.090909091
0.090909091
0.090909091
0.09102402
0.091032609
0.091051805
0.091182796
0.091224018
0.091260634
0.091273821
0.091412742
0.091428571
0.091503268
0.091520165
0.091603053
0.091633466
0.091666667
0.091705069
0.091874423
0.092039801
0.092198582
0.09223301
0.092269327
0.092348285
0.09244314
0.092465753
0.092511013
0.092643052
0.09273183
0.092755214
0.092771084
0.092857143
0.092896175
0.092931937
0.092951992
0.093023256
0.093134328
0.093198992
0.093220339
0.093264249
0.093333333
0.093333333
0.093442623
0.093535076
0.093569845
0.093785311
0.093851133
0.093896714
0.093939394
0.093959732
0.094034378
0.094117647
0.094144661
0.094264622
0.09429477
0.094315245
0.094339623
0.094637224
0.094644167
0.094669118
0.09473151
0.094761171
0.094879518
0.094965675
0.094991364
0.095
0.095
0.095115681
0.095238095
0.095238095
0.095303867
0.095327103
0.095351609
0.095505618
0.09561753
0.095623987
0.09569378
0.095721925
0.095744681
0.095761381
0.095826893
0.095870206
0.095876289
0.095890411
0.09596929
0.096132597
0.096135721
0.096219931
0.096287703
0.096311475
0.09631728
0.096478873
0.096666667
0.096703297
0.096774194
0.096774194
0.096858639
0.097003155
0.097014925
0.097037794
0.09706258
0.097101449
0.097186701
0.097187758
0.097222222
0.097345133
0.097444089
0.097472924
0.097560976
0.09761236
0.097633136
0.09765625
0.097669256
0.097744361
0.097752809
0.097777778
0.097826087
0.097852029
0.097862767
0.097913323
0.09798995
0.09798995
0.098039216
0.098039216
0.098130841
0.098130841
0.098176718
0.098236776
0.098236776
0.098451327
0.098458478
0.098591549
0.098669623
0.098692033
0.099009901
0.099150142
0.099154497
0.099287411
0.099688474
0.099842767
0.099861304
0.1
0.1
0.1
0.1
0.1
0.1
0.1001001
0.100133511
0.100208768
0.100325128
0.100371747
0.100371747
0.100399822
0.100502513
0.100543478
0.100719424
0.100775194
0.100775194
0.100806452
0.100917431
0.100943396
0.101036269
0.101092896
0.101279318
0.101431981
0.101473684
0.101639344
0.101736973
0.101983003
0.102133454
0.102143758
0.102517986
0.102564103
0.102652826
0.102702703
0.102766798
0.102777778
0.103030303
0.103109656
0.103151862
0.103217158
0.103278689
0.103343465
0.103359173
0.103381014
0.103448276
0.103448276
0.103618421
0.103624901
0.104
0.104118104
0.104417671
0.104438642
0.104438642
0.104456825
0.104524181
0.104679803
0.104683196
0.104712042
0.10483871
0.10483871
0.104938272
0.104944501
0.105263158
0.105263158
0.105398458
0.105398458
0.105421687
0.105423988
0.10543131
0.105438402
0.105605199
0.105641026
0.105651106
0.105679367
0.105820106
0.105824811
0.105943152
0.105950653
0.105990783
0.106069896
0.106122449
0.106215578
0.106217617
0.106227106
0.106299213
0.106557377
0.106560986
0.106563707
0.106625259
0.106697819
0.106796117
0.106879607
0.106902357
0.106930693
0.106962664
0.106993425
0.107001321
0.107042254
0.107142857
0.107296137
0.107526882
0.107549858
0.107637338
0.107648725
0.107674685
0.107692308
0.108153078
0.10817942
0.108187135
0.10821382
0.108280255
0.108333333
0.108610568
0.108747045
0.10877193
0.108938547
0.109030837
0.109090909
0.109289617
0.109452736
0.109516616
0.109550562
0.109652003
0.109794629
0.109830097
0.10989011
0.11
0.110047847
0.110082305
0.110105581
0.110169492
0.110210697
0.110225764
0.11023622
0.110441767
0.11048951
0.110567515
0.110638298
0.110671937
0.110803324
0.110814419
0.11090573
0.11105699
0.111256545
0.111290323
0.111330049
0.111386139
0.111455108
0.111458333
0.111480865
0.111570248
0.111627907
0.111724138
0.111908178
0.111979167
0.111979167
0.112055641
0.112068966
0.112128146
0.112299465
0.112389381
0.112391931
0.112531969
0.112557749
0.112590339
0.112591912
0.112643678
0.112654321
0.112720403
0.112798265
0.113350126
0.113402062
0.113406593
0.113493064
0.113496933
0.113636364
0.113636364
0.113722517
0.113821138
0.113821138
0.113868613
0.113908873
0.114023591
0.1140625
0.11409396
0.11414791
0.114220183
0.114285714
0.114285714
0.114361702
0.114685315
0.114799447
0.115068493
0.115226337
0.115273775
0.115340909
0.115408609
0.115488397
0.115492958
0.115606936
0.115658363
0.115702479
0.115764706
0.115843271
0.115902965
0.115961801
0.115980522
0.116027532
0.116094987
0.116094987
0.116099071
0.116147309
0.116233448
0.116237799
0.116254037
0.116357504
0.116488223
0.11654321
0.116634799
0.116666667
0.116792562
0.11682243
0.116883117
0.117021277
0.117263844
0.117333333
0.117346939
0.117451891
0.117454068
0.117460317
0.117472853
0.117604356
0.117647059
0.117647059
0.117647059
0.117647059
0.117846545
0.117850953
0.117909238
0.117948718
0.118110236
0.11811652
0.118251928
0.118269231
0.11827957
0.118303571
0.118320611
0.11837238
0.118437118
0.118468468
0.118515206
0.118556701
0.118622449
0.118629908
0.118733509
0.118733509
0.11875
0.118832523
0.118890357
0.118918919
0.119047619
0.119133574
0.119161106
0.119205298
0.119205298
0.11969112
0.119904077
0.12
0.120027913
0.120033459
0.120056497
0.12008616
0.120101138
0.120192308
0.120229008
0.120277078
0.120634921
0.120643432
0.120643432
0.120764553
0.120805369
0.120956399
0.120967742
0.120967742
0.121118012
0.121177149
0.121200312
0.121212121
0.121381886
0.121387283
0.121418827
0.121495327
0.121729238
0.12173913
0.121771218
0.1218716
0.12191358
0.12195122
0.122065728
0.122199593
0.122222222
0.12244898
0.122507123
0.122551482
0.122671805
0.122788204
0.123345686
0.123368921
0.123479888
0.123571731
0.12357631
0.123595506
0.123626374
0.123870968
0.123893805
0.123900879
0.124
0.124277457
0.124492558
0.124567474
0.124610592
0.124661247
0.124939933
0.125
0.125
0.12511374
0.125340599
0.125481139
0.125554851
0.125581395
0.125714286
0.125806452
0.125874126
0.126185958
0.126495726
0.126582278
0.126637555
0.126748252
0.126792886
0.126865672
0.127182045
0.127358491
0.127371274
0.12741652
0.127604167
0.127659574
0.127877238
0.127934272
0.127955494
0.128087832
0.128133705
0.128244275
0.128246753
0.12826087
0.128364389
0.128417038
0.128440367
0.128540305
0.128707331
0.128755365
0.128767123
0.128767123
0.128813559
0.128883774
0.128928284
0.129186603
0.129380054
0.129527317
0.129692833
0.129828326
0.12987013
0.129899216
0.130034522
0.130071599
0.130127298
0.130193906
0.13024602
0.13034188
0.130434783
0.130489335
0.130492676
0.130503145
0.130630631
0.130635838
0.130653266
0.130727763
0.130890052
0.131018519
0.131067961
0.131086142
0.131097561
0.131147541
0.13135915
0.131443299
0.131447587
0.131493506
0.131578947
0.131767109
0.131840796
0.132075472
0.132149901
0.132192846
0.132201876
0.13220339
0.132231405
0.132310642
0.132462687
0.132471729
0.132518337
0.13253012
0.132701422
0.132723112
0.132882883
0.133004926
0.133103844
0.133159269
0.133165829
0.133333333
0.133451957
0.13363029
0.133671743
0.13372093
0.13379872
0.133891213
0.133913043
0.134078212
0.134146341
0.134236453
0.134288272
0.134368308
0.134480904
0.134579439
0.134846462
0.134887594
0.134986226
0.135714286
0.135797342
0.135869565
0.135869565
0.135989011
0.136054422
0.136268344
0.136414882
0.136498516
0.136566332
0.136604775
0.136645963
0.136757069
0.136952998
0.137096774
0.137231504
0.137305699
0.137362637
0.137420719
0.137440758
0.137457045
0.137466307
0.137535817
0.137677054
0.137741047
0.137931034
0.137931034
0.137931034
0.138193689
0.138345865
0.138461538
0.138513514
0.138554217
0.138560687
0.138734739
0.13884007
0.138949672
0.13897281
0.139053254
0.139130435
0.139204545
0.139502762
0.139534884
0.139534884
0.139534884
0.139614075
0.139622642
0.139931741
0.139954853
0.139959432
0.14
0.14025974
0.140488656
0.140495868
0.140625
0.140675613
0.1408
0.140814081
0.140864714
0.140888889
0.140995812
0.141025641
0.14159292
0.141683778
0.141741071
0.141742523
0.141755063
0.141856392
0.141868512
0.141891892
0.142156863
0.142222222
0.142307692
0.142560554
0.142857143
0.142979452
0.143077715
0.143266476
0.143448276
0.143564356
0.143646409
0.143671608
0.143812709
0.143920596
0.144
0.1443539
0.144375554
0.144502618
0.144657534
0.144846797
0.145026576
0.145454545
0.145507246
0.145508982
0.145888594
0.146010187
0.146105742
0.146191646
0.146426093
0.146464646
0.14676259
0.147058824
0.147186147
0.147595357
0.147619048
0.147633521
0.147663551
0.147762747
0.147826087
0.147857143
0.147867299
0.148105626
0.148148148
0.148275862
0.148355059
0.148456057
0.148571429
0.148788927
0.148837209
0.148974668
0.149152542
0.149253731
0.149501661
0.14953271
0.149543379
0.149681529
0.149819495
0.150127226
0.150192555
0.150259067
0.150537634
0.150684932
0.150793651
0.150999575
0.151498638
0.151515152
0.151627907
0.151736746
0.151832461
0.151913192
0.151933702
0.151933702
0.152112676
0.15212766
0.152136007
0.152263374
0.152275379
0.15234375
0.152354571
0.152515723
0.152640264
0.152652005
0.152658662
0.152682256
0.152838428
0.152923538
0.153034301
0.153125
0.153184165
0.153439153
0.153474903
0.153521127
0.153661465
0.153751538
0.153846154
0.153846154
0.153972154
0.153972154
0.154006243
0.154096229
0.154150198
0.154269972
0.154285714
0.154589372
0.154639175
0.154727794
0.154761905
0.154972544
0.155023287
0.155074116
0.155197657
0.15521978
0.15527292
0.155279503
0.155339806
0.155462185
0.155527795
0.1558753
0.156342183
0.156626506
0.156716418
0.156852527
0.156992084
0.157261795
0.157273919
0.157284768
0.15737204
0.157727273
0.157894737
0.157894737
0.158176944
0.158469945
0.158548708
0.158637874
0.158659218
0.158730159
0.158914729
0.159031979
0.15913556
0.15932914
0.15942029
0.159468439
0.159535129
0.159554731
0.159597031
0.159624413
0.159676233
0.16
0.160130719
0.160206718
0.16025641
0.160337553
0.160545645
0.160557563
0.160574413
0.160714286
0.160714286
0.160744501
0.160800971
0.160869565
0.161094225
0.16120745
0.161375661
0.161592506
0.161611374
0.161858974
0.16194332
0.162060302
0.162178336
0.162429379
0.162540366
0.16254417
0.16277678
0.162828947
0.16286645
0.163009404
0.163265306
0.163336229
0.163663664
0.163690476
0.164084911
0.164359862
0.164383562
0.164524422
0.164529915
0.164750958
0.164896074
0.165492958
0.16550765
0.165803109
0.165824916
0.166091954
0.166107383
0.166344294
0.166493236
0.166666667
0.167054715
0.167130919
0.167197452
0.167290886
0.167705382
0.167724868
0.167910448
0.167938931
0.167979003
0.16802444
0.168338109
0.168490153
0.168679896
0.168776371
0.168896321
0.169203747
0.169270833
0.169366716
0.169465649
0.169491525
0.16974359
0.169761273
0.169983416
0.170172084
0.170454545
0.170511535
0.170529801
0.170854271
0.170892019
0.170940171
0.171052632
0.171301446
0.171568627
0.171704958
0.171770972
0.171875
0.172149123
0.172201139
0.172343324
0.172346641
0.172588832
0.172914148
0.173038229
0.173228346
0.173320351
0.173387097
0.173681406
0.173728814
0.173762946
0.173809524
0.17403709
0.174074074
0.174342105
0.174590164
0.174603175
0.174740484
0.174757282
0.174796748
0.174975562
0.175145955
0.175241158
0.17527933
0.175411523
0.176064442
0.176767677
0.176836862
0.17710944
0.17721519
0.177283193
0.177301927
0.177339901
0.177504394
0.177514793
0.177637511
0.17781155
0.177881802
0.178132678
0.178654292
0.178723404
0.17877095
0.178797468
0.178929766
0.179166667
0.179190751
0.179190751
0.17925072
0.179372197
0.179577465
0.179640719
0.179640719
0.179805137
0.180163785
0.180173092
0.180667434
0.180904523
0.180952381
0.181623932
0.181919024
0.182291667
0.182352941
0.182432432
0.182509506
0.182781457
0.182795699
0.182795699
0.182926829
0.183098592
0.18328841
0.183333333
0.183431953
0.183475783
0.183641975
0.183708839
0.183760684
0.183962264
0.184331797
0.184387618
0.184514003
0.184640523
0.184834123
0.185
0.185036203
0.185185185
0.185419968
0.185647426
0.185670262
0.185682327
0.185882353
0.186369958
0.186392224
0.186666667
0.186666667
0.186968839
0.187234043
0.187561214
0.187782805
0.188380282
0.188492063
0.18875502
0.188995215
0.189440994
0.189473684
0.189599133
0.189620758
0.1898017
0.190031153
0.190140845
0.190146266
0.190217391
0.190597205
0.190751445
0.190839695
0.190954774
0.190962099
0.19140625
0.191558442
0.191709845
0.191914023
0.192139738
0.192360164
0.192439863
0.19266055
0.192887931
0.193103448
0.193277311
0.193939394
0.193991416
0.194899818
0.195
0.195035461
0.195121951
0.195121951
0.195530726
0.195652174
0.195652174
0.195945946
0.196060038
0.196078431
0.196629213
0.196629213
0.196704428
0.196721311
0.196969697
0.197424893
0.197530864
0.19760479
0.197916667
0.197969543
0.198135198
0.198146828
0.198198198
0.198257081
0.198275862
0.198324022
0.198575245
0.19858156
0.198723792
0.198915009
0.199029126
0.199047619
0.199115044
0.199152542
0.199573106
0.199579832
0.199791883
0.2
0.2
0.2
0.2
0.2
0.2
0.2
0.2
0.2
0.200210748
0.200241255
0.200292398
0.200516351
0.200527704
0.200603318
0.200617284
0.200640342
0.200754717
0.200892857
0.200934579
0.201465201
0.201612903
0.201680672
0.201690821
0.201799486
0.202637363
0.202811245
0.202830189
0.202970297
0.203252033
0.203305785
0.203533026
0.203539823
0.203921569
0.204819277
0.204868154
0.205371248
0.205586592
0.206140351
0.206388206
0.20649652
0.206766917
0.206785137
0.206896552
0.207081103
0.207100592
0.207253886
0.207331042
0.20746888
0.207639569
0.207885305
0.20815633
0.208258528
0.208264463
0.208476518
0.208503679
0.20890411
0.208955224
0.209134615
0.209230769
0.209424084
0.209591474
0.20963365
0.209649123
0.209774436
0.21
0.210078931
0.210084034
0.21018816
0.210526316
0.210616438
0.210756723
0.210784314
0.211259431
0.211267606
0.211382114
0.211574953
0.211633663
0.211764706
0.212765957
0.212885154
0.213017751
0.213270142
0.213279678
0.213436385
0.213461538
0.21346831
0.213592233
0.213942308
0.214057508
0.214111922
0.214285714
0.214285714
0.214912281
0.215148189
0.215229704
0.215346535
0.215400101
0.215650591
0.215909091
0.215944272
0.216049383
0.216494845
0.216617211
0.216666667
0.216748768
0.21686747
0.217391304
0.217573222
0.217647059
0.217657879
0.218543046
0.218923933
0.219480519
0.219512195
0.219653179
0.219739292
0.219745223
0.21991342
0.219963031
0.220211161
0.220532319
0.220538721
0.220620043
0.220657277
0.221128021
0.221383648
0.221463415
0.221518987
0.221743811
0.221757322
0.222052067
0.222621185
0.222648752
0.222727273
0.223175966
0.223484848
0.223809524
0.223880597
0.223903177
0.2239819
0.224385246
0.224390244
0.224489796
0.224609375
0.224654378
0.224872232
0.225314183
0.225531915
0.225581395
0.225657895
0.225728155
0.22578576
0.225882353
0.226190476
0.226514486
0.226583408
0.226765799
0.226804124
0.227394808
0.22754491
0.227621483
0.227722772
0.227758007
0.227891156
0.228486647
0.228486647
0.228663446
0.228832952
0.228838295
0.228855721
0.228960396
0.22928399
0.229338843
0.230046948
0.23024055
0.230564784
0.230946882
0.231010672
0.231166151
0.231527094
0.231746032
0.23180593
0.232198142
0.232704403
0.232749743
0.233009709
0.233191489
0.233226837
0.233269598
0.233333333
0.233463035
0.233766234
0.233976353
0.234544296
0.234803337
0.234848485
0.234908136
0.235
0.235294118
0.235392321
0.235457064
0.23553719
0.235690236
0.235870049
0.236037935
0.236077482
0.236119974
0.236363636
0.236486486
0.236514523
0.236686391
0.236700538
0.236868186
0.236895161
0.23715415
0.237317283
0.2375
0.237804878
0.238095238
0.238095238
0.238341969
0.238541667
0.239247312
0.239273927
0.24
0.24
0.240212342
0.240525909
0.240816327
0.240948814
0.241071429
0.241116751
0.241161616
0.241409692
0.242071882
0.242071882
0.24291498
0.243119266
0.243462017
0.243478261
0.243626062
0.243727599
0.244200244
0.244420829
0.244462025
0.245
0.245002325
0.245324532
0.245390071
0.245496655
0.245629371
0.245819398
0.245925926
0.246428571
0.246575342
0.246963563
0.247020585
0.247191011
0.24775045
0.248301098
0.24852071
0.248792271
0.248876909
0.249087591
0.249180328
0.249476987
0.249767874
0.25
0.25
0.25
0.250581846
0.250588235
0.250904704
0.250980392
0.251035197
0.251263538
0.251736111
0.252212389
0.252427184
0.25308642
0.253355705
0.253472222
0.254098361
0.254545455
0.254564424
0.254716981
0.255102041
0.255404323
0.255458515
0.255555556
0.255585344
0.255617978
0.255855856
0.255874674
0.255961844
0.255985267
0.256055363
0.256097561
0.256157635
0.256410256
0.256532067
0.256937307
0.257309942
0.257309942
0.257544225
0.257575758
0.257679181
0.258007117
0.258047767
0.258064516
0.258481422
0.258503401
0.258896338
0.259365994
0.259365994
0.25942156
0.259980526
0.26
0.26
0.26035503
0.260487805
0.260690789
0.261707989
0.262032086
0.262323944
0.262803932
0.263083451
0.263157895
0.263157895
0.263239875
0.263610315
0.263969171
0.264094955
0.264814815
0.264855688
0.26504298
0.265082267
0.265306122
0.265337423
0.265350877
0.265363128
0.265597148
0.265760198
0.266007288
0.266384778
0.266558966
0.266666667
0.266666667
0.267716535
0.267729084
0.267813268
0.267857143
0.267857143
0.268041237
0.268153527
0.268156425
0.268226823
0.268907563
0.269230769
0.269461078
0.269883825
0.2700491
0.270175439
0.271028037
0.271604938
0.273006135
0.273053892
0.27306617
0.273584906
0.273843248
0.274193548
0.274193548
0.274215553
0.274376417
0.275092937
0.275138122
0.27543036
0.275449102
0.276
0.276436303
0.276490066
0.276536313
0.276674938
0.277251185
0.277777778
0.277907884
0.279513889
0.279678068
0.280513919
0.280742459
0.280898876
0.281045752
0.281073446
0.282527881
0.28257329
0.283088235
0.283216783
0.283987915
0.284
0.284090909
0.284412033
0.284511785
0.284671533
0.285507246
0.285714286
0.285714286
0.285833333
0.285897436
0.286127168
0.286376274
0.286792453
0.286971831
0.288007554
0.2890625
0.289198606
0.289256198
0.289940828
0.290909091
0.291262136
0.291262136
0.29197861
0.292225201
0.292307692
0.292397661
0.293193717
0.293413174
0.293565684
0.294816415
0.294850498
0.29494382
0.295010846
0.29535865
0.295546559
0.296187683
0.296225208
0.29787234
0.300319489
0.300546448
0.301115242
0.301282051
0.301886792
0.302631579
0.304277643
0.304654443
0.305263158
0.305327869
0.305921053
0.305949008
0.306010929
0.30733945
0.308394161
0.308641975
0.310089021
0.31092437
0.312854442
0.31300813
0.313186813
0.313253012
0.315937941
0.316498316
0.318367347
0.31838565
0.319749216
0.320158103
0.321138211
0.321167883
0.321715818
0.3248
0.325
0.32524708
0.325644505
0.326599327
0.327380952
0.327731092
0.327777778
0.328063241
0.328813559
0.331343284
0.33203125
0.332061069
0.332514333
0.333333333
0.335260116
0.338842975
0.341818182
0.347058824
0.347652348
0.347826087
0.348195329
0.349862259
0.356852103
0.359504132
0.35971223
0.359767892
0.360730594
0.361445783
0.361930295
0.364364982
0.37037037
0.370491803
0.371134021
0.375
0.375
0.37849162
0.37900641
0.379562044
0.381333333
0.381868132
0.382352941
0.388157895
0.388785047
0.395945946
0.401746725
0.402559055
0.405797101
0.408491947
0.409160305
0.409266409
0.412322275
0.416234888
0.423011844
0.426540284
0.429133858
0.432773109
0.439461883
0.441231343
0.451669596
0.455892731
0.460251046
0.467213115
0.473282443
0.49
0.495652174
0.499580185
0.504464286
0.50877193
0.513215859
0.518181818
0.534188034
0.552742616
0.558685446
0.566502463
